120.64975151011033
27.919657730712473
120.64948199684733
27.919588151129716
120.65002537040431
27.919657730712473
120.65031661882205
27.9196446845739
120.65058613235063
27.919649033994933
120.65084695168453
27.919657731243603
120.65112950604039
27.919657731243603
120.6513990193034
27.919649033994933
120.65168157365926
27.919657731243603
120.65194239312595
27.919649033994933
120.65223364127813
27.92018827881527
120.65222494721624
27.91958815112972
120.652550971616
27.919635987325233
120.65288134278113
27.919622941186663
