120.64891363282781
27.925841628587367
120.64932768361258
27.925991660498262
120.6494613535102
27.925991660498262
120.65003515617728
27.925991660498262
120.65013948371765
27.927805088902726
120.64984932221073
27.927759427155358
120.64956568124975
27.927681149532713
120.64934398477833
27.92753111762182
120.64921357515368
27.927273454278552
120.64911576786052
27.927009267800067
120.64903752210566
27.92672551211509
120.64894949553185
27.926461325437426
120.64888755094272
27.92617104661723
120.64915163056456
27.92611559986827
